0.000000000000000000e+00
8.245792146776870658e-06
2.599172294196487365e-05
8.143914085398699324e-05
3.086946600141294325e-04
8.075969459754863636e-04
1.394637093727014651e-03
2.705484881592650197e-03
5.169160736314658451e-03
1.006907223301118336e-02
7.862623078180102157e-03
4.385241533381268632e-03
1.962321322719763617e-03
1.134866475387801823e-03
7.032710284293719168e-04
9.487351674373241265e-04
5.061480784605561873e-04
3.585455792094471589e-04
2.861950675886924486e-04
2.838259967828361493e-04
