-2.500000000000000000e+00
-2.499830555555555556e+00
-2.498930555555555433e+00
-2.494842222222221739e+00
-2.473363055555553913e+00
-2.429073888888886756e+00
-2.346353333333331737e+00
-2.223452222222221497e+00
-2.022103333333332920e+00
-1.616928611111110969e+00
-1.340928888888889059e+00
-1.065123888888888981e+00
-8.841499999999999915e-01
-7.798952777777776735e-01
-7.192680555555555078e-01
-6.525922222222222402e-01
-6.052830555555556158e-01
-5.383505555555555544e-01
-4.876188888888888795e-01
-4.773086111111111141e-01
