0.000000000000000000e+00
2.267012160488504971e-03
5.500697907460772029e-03
1.234912932403574651e-02
2.912872740282500955e-02
5.534080307401192250e-02
8.353451109837405075e-02
1.314044861002996167e-01
2.024464658043369503e-01
3.115969075687437528e-01
3.010161813644075535e-01
2.439726808736059072e-01
1.760266452368315082e-01
1.436163223562874347e-01
1.207324100098010194e-01
1.491443226116366816e-01
1.154489030990537013e-01
1.026492569098081953e-01
9.660669161829367468e-02
1.010828169580869074e-01
