0.000000000000000000e+00
7.549096513580602944e-05
9.856724529049901953e-05
4.368083148586519643e-04
1.294111082861329042e-03
2.869735046635813261e-03
7.667350733656257133e-03
7.807300821735157006e-03
3.109089585465549515e-03
1.963733558895024937e-03
1.335094181429324249e-03
6.987559835714286360e-04
5.888953798190591036e-04
4.162803525629381459e-04
2.807379569559073987e-04
2.448900382522058139e-04
2.175432262243329141e-04
2.115776724485034937e-04
1.196660092864339832e-04
1.338974053155007893e-04
