5.000000000000000000e-01
4.998441666666666450e-01
4.995241666666666025e-01
4.962955555555553233e-01
4.882836111111107380e-01
4.655291666666662720e-01
4.078152777777777072e-01
-5.480666666666667713e-02
2.157749999999997170e-02
-4.518527777777777560e-02
-1.135361111111110773e-02
1.157583333333333554e-02
-4.616666666666590052e-04
1.773333333333331624e-03
-4.506666666666666633e-03
3.109999999999999917e-03
1.748055555555551744e-03
3.683333333333348777e-04
-3.766388888888888131e-03
-8.249999999999861719e-05
