5.000000000000000000e-01
4.999830555555555556e-01
4.998930555555554656e-01
4.994816666666666571e-01
4.972466666666664481e-01
4.925433333333328889e-01
4.830180555555551036e-01
4.680761111111108597e-01
4.343405555555554520e-01
-6.461388888888885962e-02
-1.830388888888890078e-02
-5.526916666666667477e-02
-1.143777777777777935e-02
1.876249999999999446e-02
-2.206750000000000378e-02
2.076555555555555446e-02
2.461111111111111182e-04
1.914722222222221739e-03
2.926111111111111968e-03
1.679027777777777897e-02
