0.000000000000000000e+00
6.859384488097876841e-03
1.071190148075168956e-02
2.859994483289183403e-02
5.964069986382590505e-02
1.043203472216441691e-01
1.958655218936363185e-01
2.232225644458414593e-01
1.570061987413550741e-01
1.376067353899923240e-01
1.240400878848007954e-01
9.738839509921087823e-02
9.643005716420265105e-02
8.698099568225554912e-02
7.628041972441779173e-02
7.577392537454211152e-02
7.568743669090342852e-02
7.885305817754070801e-02
6.246856667334559077e-02
6.942842783297076270e-02
