0.000000000000000000e+00
8.574230610122506513e-04
1.380262404601410257e-03
4.221111915416382067e-03
9.638576760075933877e-03
2.379949338571429526e-02
6.322793666507577071e-02
2.451939151184448495e-01
1.991600691567659009e-01
1.283288315982315797e-01
1.163447672306747172e-01
9.146489998825292622e-02
9.100187682741006645e-02
7.192713778540058001e-02
6.739164232718738989e-02
6.464283912391223519e-02
5.832067061702167488e-02
5.349068426163360729e-02
4.956773167163276012e-02
4.912907078836090125e-02
