-2.000000000000000000e+00
-1.998753333333333382e+00
-1.996249999999999858e+00
-1.972460000000000324e+00
-1.918194444444444313e+00
-1.787240000000000162e+00
-1.539000000000000590e+00
-1.083683333333333332e+00
-9.357988888888889578e-01
-7.831355555555559178e-01
-6.914244444444446192e-01
-6.128833333333334465e-01
-5.676655555555556454e-01
-5.074711111111110950e-01
-4.692033333333333056e-01
-4.488366666666665505e-01
-4.097122222222221444e-01
-3.875277777777776933e-01
-3.704199999999998605e-01
-3.613455555555554199e-01
