0.000000000000000000e+00
2.267012160488067712e-04
5.500697907461269244e-04
1.252385501530941516e-03
3.143558669901349092e-03
6.186264803758702302e-03
1.025373612652816235e-02
1.799233977091620890e-02
4.049574353108965213e-02
3.465061214408594603e-01
2.856031743159045955e-01
1.996382364480395188e-01
1.464513950108270179e-01
1.167006988309791243e-01
1.041493699606216849e-01
1.033372127348249486e-01
8.907803374563032228e-02
7.187689238034830619e-02
6.494339361140154254e-02
6.927544059309390101e-02
