0.000000000000000000e+00
9.312207870371158118e-07
1.765724966125135380e-06
1.302068962488203845e-05
5.603622467421085288e-05
2.908622114301760144e-04
1.787239235847854412e-03
2.379752217106482354e-02
1.408654074362668610e-02
5.303347311321667153e-03
3.987379726778879363e-03
2.270724723819444058e-03
2.084046226968359460e-03
1.213540121604938073e-03
9.975842272318563055e-04
8.629916994565215837e-04
6.628175569555236997e-04
5.278040073085219419e-04
4.302510639479144392e-04
4.022775994212961117e-04
