0.000000000000000000e+00
6.509835905347650888e-08
2.804370106896716907e-07
1.146189209402048064e-06
5.960547971781805050e-06
1.965209654654730126e-05
4.700336438816251050e-05
1.281408649627035156e-04
5.823962549267288138e-04
3.866548053769093551e-02
2.402812853344338945e-02
1.081790119413690576e-02
5.397512727307662156e-03
3.194592704260974195e-03
2.382598080932884620e-03
2.205358817176596934e-03
1.546287444346312054e-03
9.530045194841482150e-04
7.385736691386466908e-04
7.998477782278804816e-04
