5.000000000000000000e-01
7.894736842105263275e-01
1.078947368421052655e+00
1.368421052631578982e+00
1.657894736842105310e+00
1.947368421052631637e+00
2.236842105263157965e+00
2.526315789473684070e+00
2.815789473684210620e+00
3.105263157894737169e+00
3.394736842105263275e+00
3.684210526315789380e+00
3.973684210526315930e+00
4.263157894736842479e+00
4.552631578947368141e+00
4.842105263157894690e+00
5.131578947368421240e+00
5.421052631578947789e+00
5.710526315789474339e+00
6.000000000000000000e+00
